1
3
4
3077
2052
6
8
1033
1034
3082
524
3083
2059
15
1040
2060
1042
16403
5136
5140
4624
2071
4625
2073
5145
4634
26
20
30
24
3104
27
2082
2083
5156
28
29
4647
4648
4649
517
42
4656
4657
4658
50
2100
4661
2102
4663
4662
4660
11
55
56
12
4672
4673
4674
13
1031
70
1032
1102
16
4692
4697
4698
4699
5723
4701
4702
16990
4704
15457
4706
16991
98
101
1121
19
104
21
4719
4720
4728
632
633
4729
4732
4730
634
129
4738
4741
4742
4743
6281
141
150
157
4765
4766
4768
4611
4769
675
4771
4776
4781
5805
4616
4794
4800
5829
201
213
216
4825
217
5859
5861
257
770
771
5379
6416
10001
6423
4898
4899
4904
4905
31017
300
8001
8002
8004
325
326
327
8007
8022
854
8025
865
866
867
868
4964
40300
40301
40302
7023
882
6004
7034
7036
7045
5001
5007
400
401
5010
5012
5013
6038
6039
412
5038
33205
441
442
3001
3002
3007
8128
3008
453
454
11724
3021
3022
3023
2002
2003
2004
2005
2006
28115
3032
3033
3034
3035
3036
3037
2009
2008
1511
1000
1001
2027
5101
1006
1007
2032
2033
1116
1009
1117
1013
1015
